72.130
4, 0, 2002781955
0, 4, 1678880603
4, 0, 2067376379
0, 4, 1469174690
0, 4, 1972113488
0, 4, 2014135842
4, 0, 2051224930
4, 0, 1995335542
0, 4, 2052989558
4, 0, 1881763045
4, 0, 1823108207
0, 4, 1999082500
4, 0, 1984393203
0, 4, 1559388406
0, 4, -2103533399
0, 4, 1795959733
0, 4, -2108152386
4, 0, -1967922262
4, 0, 1977641795
0, 4, -2101812181
0, 4, -2115860541
0, 4, 1836206648
4, 0, 1752124791
4, 0, 1573392336
0, 4, 2060207145
0, 4, 1835887178
0, 4, 2012276128
4, 0, 2065108634
4, 0, -2069208665
4, 0, 1792538135
4, 0, -2059752303
4, 0, 2066281566
4, 0, -2037843238
0, 4, 2063374569
4, 0, 1753673141
0, 4, 1979683045
4, 0, -2107648881
4, 0, -2089146928
4, 0, 2054590838
4, 0, -2028837521
0, 4, 2006532087
4, 0, 2050673355
0, 4, 1988726701
4, 0, -1969590623
4, 0, -1969917173
4, 0, -2104091552
4, 0, 1883104826
0, 4, 2000400499
4, 0, 1985820444
0, 4, 2063413171
0, 4, 1968927976
4, 0, 1880130173
4, 0, -2040147722
4, 0, 1677593646
4, 0, 1833566597
4, 0, -2055263816
4, 0, -2090148004
4, 0, 2066218802
4, 0, 2055322852
4, 0, -2063468691
4, 0, 1753431870
4, 0, 1550838931
4, 0, 1969464607
0, 4, 1996066741
0, 4, 1880710857
0, 4, 1834364862
4, 0, 2053543748
0, 4, 2002443505
4, 0, 1883534581
0, 4, 1792073269
0, 4, 1990447518
0, 4, -2112561920
4, 0, 2070183042
0, 4, 2062399417
0, 4, -2105362068
4, 0, -1965765170
4, 0, -2036442733
4, 0, -1995577560
0, 4, 1974741993
4, 0, 2061803402
4, 0, -2068751952
0, 4, -2118690196
4, 0, 1983127514
4, 0, 1978805659
4, 0, -2064384398
4, 0, -2075881460
4, 0, 1989568749
4, 0, -2035552870
4, 0, 2061891319
4, 0, -2118536846
4, 0, -2102132487
0, 4, -2115412718
0, 4, 2062893215
4, 0, 2060423355
4, 0, -2035534559
4, 0, 1880538473
0, 4, 1971513366
4, 0, -2051917750
4, 0, -2097553009
4, 0, 1685824606
4, 0, -2037255390
4, 0, -2057049372
0, 4, 1754524035
4, 0, 1558159221
4, 0, -2072684755
0, 4, 1824621390
0, 4, 2058829297
4, 0, -2092272546
4, 0, 1693533074
0, 4, -2114118165
0, 4, 1977704286
0, 4, 2048244095
0, 4, 2009186598
0, 4, -2106146353
0, 4, 2069494319
0, 4, 1794268637
4, 0, 1752443716
4, 0, -2056958048
0, 4, 2066884555
0, 4, -2119124208
4, 0, -2040126196
4, 0, 1824384763
0, 4, 2060924768
0, 4, 2059068356
4, 0, -2061361133
0, 4, 2014295733
0, 4, 1770746727
4, 0, -2097279937
4, 0, -2035031833
4, 0, -2035412526
4, 0, 1832864379
4, 0, 1964503968
4, 0, -2049057349
0, 4, 1979350277
4, 0, -2109614189
4, 0, 1677370967
4, 0, 1965996982
0, 4, 1558479420
4, 0, 2063860316
0, 4, 1880580631
4, 0, 2002027149
4, 0, 1976424099
4, 0, -2077173542
4, 0, -2104568728
4, 0, 1975655102
4, 0, 1881551900
4, 0, -2035141625
4, 0, -1971930637
4, 0, -2106738623
4, 0, -1995299913
0, 4, 1468407171
4, 0, -2031290910
4, 0, 2063449388
0, 4, 2031448467
4, 0, -1966728442
4, 0, 1693198897
0, 4, 1963199940
4, 0, -1972519847
0, 4, 1686216416
4, 0, 1986106791
0, 4, 2062290214
4, 0, -2029544586
0, 4, 1979558827
4, 0, -2044291301
0, 4, 1996974510
0, 4, 1558343258
4, 0, 2057534148
4, 0, -2064876292
4, 0, -1966722440
0, 4, 1966596581
0, 4, 1694882523
4, 0, -2045058140
0, 4, 1990841329
0, 4, -2110411181
0, 4, -2105102395
4, 0, -2065767425
4, 0, 2000169303
4, 0, -2091302427
0, 4, 2071729576
4, 0, -2036609421
0, 4, -2114119718
0, 4, 2018732908
4, 0, -1971255121
4, 0, 2012627762
4, 0, 2001240698
4, 0, 1974813045
0, 4, 1693533756
4, 0, 1834605969
4, 0, 1992871959
4, 0, -2044265971
4, 0, -2008945811
4, 0, -2090188587
4, 0, -2114014692
4, 0, -2034367574
4, 0, 1686700182
4, 0, 2001573579
4, 0, 1754696920
0, 4, 2060528023
4, 0, 2007086355
4, 0, -2047062391
4, 0, -2113646324
4, 0, -1969241018
4, 0, 1791791919
4, 0, 1992863424
4, 0, -2118677360
4, 0, -2037143532
0, 4, 1976734877
0, 4, 2053314468
4, 0, 1752524436
4, 0, -2052323454
4, 0, 1980230686
4, 0, 2053710078
0, 4, 1824637314
4, 0, 1989758245
0, 4, -2115452653
4, 0, 2054771273
4, 0, 1794463713
0, 4, -2117085592
0, 4, 1831200933
0, 4, 2067219174
4, 0, 1972729453
0, 4, 2007163626
4, 0, -2046186699
4, 0, 2069934803
0, 4, 1676891637
4, 0, 1827797391
4, 0, -2094513777
4, 0, 1976366758
4, 0, -2081709967
0, 4, 2054717302
4, 0, 1998208771
0, 4, 1834543876
4, 0, -2100811910
0, 4, 1966839231
0, 4, 2065625176
4, 0, 1975619383
0, 4, 2058181085
4, 0, -2090534548
4, 0, -2092640811
4, 0, 2064873546
0, 4, 2064168025
4, 0, 1961738862
0, 4, 2004305396
4, 0, 1573580743
4, 0, 1558852444
4, 0, 1984879707
4, 0, -2031982061
4, 0, -2100003322
4, 0, 2016359916
4, 0, 2013098182
4, 0, -1996201602
4, 0, -1968681444
0, 4, 1995956924
4, 0, -2037958537
0, 4, 1961355870
0, 4, 1972935998
0, 4, 1981969904
0, 4, 1990524894
4, 0, 1969576118
0, 4, 2047391062
4, 0, -2108640896
0, 4, 1961298221
4, 0, 2065007299
4, 0, -2105326495
4, 0, 1957119110
4, 0, -2119252948
4, 0, 1551543760
0, 4, 1981770082
0, 4, -2107172384
4, 0, 1932858264
4, 0, 1685719502
4, 0, 2064182414
4, 0, -2040428407
0, 4, -2104579050
4, 0, 1760272761
4, 0, 1963373265
4, 0, 2013653469
0, 4, 2067315849
4, 0, -2029993135
4, 0, -2088340671
4, 0, -1994691293
4, 0, 1880592410
4, 0, 1968098065
0, 4, 1824181707
4, 0, 1692600037
4, 0, 1978181557
4, 0, -2097260836
4, 0, -2066051153
4, 0, -1971555974
4, 0, 2039652474
4, 0, 1754110562
4, 0, -2030447029
0, 4, 1969964448
0, 4, 1677442367
4, 0, -1970426509
0, 4, 2063803775
4, 0, -1970172554
0, 4, -2101813907
0, 4, -2109545424
4, 0, 1678029285
0, 4, 1972226044
4, 0, 1770614889
0, 4, 1687042965
0, 4, 1755842151
0, 4, 1834661351
4, 0, 1559940226
4, 0, 1969158469
4, 0, -1971538910
0, 4, 2017704222
0, 4, 2061667449
4, 0, 1676752163
0, 4, 2058097316
4, 0, -2063897663
4, 0, 2062149072
4, 0, 1826487287
0, 4, 2048031475
4, 0, -1972892622
4, 0, 1759492723
4, 0, 2001696507
4, 0, 2048381138
0, 4, 1677643925
0, 4, 1882128427
0, 4, -2112487577
4, 0, 1971329093
0, 4, 1881542792
4, 0, 2062099652
4, 0, -2090963555
4, 0, 1680165161
4, 0, 1997369236
0, 4, -2103436623
4, 0, -2034453900
4, 0, 1834074832
0, 4, 2058111303
4, 0, -2111132853
4, 0, 1978114890
4, 0, -2094671308
4, 0, 1827669456
0, 4, 1793776408
0, 4, -2117900099
0, 4, 1676483353
0, 4, 2048516472
4, 0, 1968874171
0, 4, 1833986077
4, 0, 2058356594
4, 0, 1881150585
0, 4, -2105928665
4, 0, 1963648265
4, 0, 2001736107
0, 4, 1977134499
4, 0, 1556595537
0, 4, 1834237732
4, 0, 1965757595
4, 0, 1985866989
4, 0, 2063149440
4, 0, 1881621428
4, 0, 2046185039
4, 0, 1565391872
4, 0, -2113000444
4, 0, -2095395136
4, 0, 1973730219
0, 4, 2063572918
4, 0, 2003493750
0, 4, 1991385377
4, 0, -1997969933
4, 0, 2059935066
4, 0, 1997261281
4, 0, -2119729027
4, 0, 1961286197
0, 4, 2064359618
0, 4, 1969440099
4, 0, 1981161655
4, 0, -2120115273
0, 4, 2043977298
4, 0, 1993894682
0, 4, 1995191483
4, 0, 1754390127
4, 0, 1972913509
0, 4, 1970716781
0, 4, 2061921588
4, 0, 2060667381
4, 0, 1958082388
0, 4, 2049384285
0, 4, 1565045759
4, 0, 2062834626
4, 0, 1981127497
4, 0, -2104508795
4, 0, 1972193766
4, 0, 1965949112
4, 0, 2014730504
4, 0, -2031825353
4, 0, 2065672240
4, 0, -2011673896
0, 4, 1834330849
4, 0, 2012926711
4, 0, -2104753526
4, 0, 1760069536
4, 0, 2067503040
0, 4, 1990042732
0, 4, -2108719961
4, 0, 1755249365
4, 0, 1991207984
4, 0, -1968407275
0, 4, 2056206241
0, 4, 1962678655
4, 0, 1966734163
4, 0, 1676445454
0, 4, 1793958511
0, 4, 1883620309
4, 0, 1978974582
4, 0, 1834617869
4, 0, -1972213502
4, 0, 1691334309
4, 0, -2057841833
4, 0, 2054983979
4, 0, -2119371744
0, 4, 1759970378
0, 4, -2118806272
0, 4, 2018011913
4, 0, -2036331462
4, 0, 1694392093
4, 0, 1565067341
4, 0, -2109909123
4, 0, -2043751377
4, 0, -2080607999
0, 4, 1982835826
4, 0, 2016320660
0, 4, -2120244302
4, 0, -2108378458
4, 0, 1693935567
4, 0, 1752697690
0, 4, 1880146681
0, 4, -2102984212
0, 4, 2050904698
0, 4, 2032885050
0, 4, 1692256233
0, 4, 2058861576
4, 0, -1969737475
4, 0, -2118764451
4, 0, -2099262324
0, 4, 1833224405
4, 0, 2017156613
0, 4, 1685871179
4, 0, -2119995335
4, 0, 1678091393
4, 0, -2099859246
4, 0, 1834222944
4, 0, -2100918936
4, 0, -2080046790
0, 4, -2105869644
0, 4, 1982432329
4, 0, -2058512470
0, 4, 1832769582
0, 4, 1979566665
0, 4, 2055758649
4, 0, 1986920737
4, 0, 1834440705
4, 0, -2031799311
0, 4, 1564381575
4, 0, 1882350045
0, 4, 1794866418
4, 0, -2052314366
4, 0, 1967303916
4, 0, 1967792190
4, 0, 1686460358
4, 0, 2003082359
4, 0, 1676871909
4, 0, -2007012752
4, 0, 1676947102
4, 0, -2033810123
4, 0, -2088826355
0, 4, 1883560665
0, 4, 2016105149
4, 0, -2064142212
4, 0, 1961429900
4, 0, 2059895457
4, 0, -1992382530
0, 4, 1825200700
4, 0, 1961920582
4, 0, 1979446111
4, 0, -1969959942
0, 4, 1880103290
4, 0, -2058841888
4, 0, 1977188181
0, 4, 1548812521
4, 0, 1794007898
4, 0, 1573232268
0, 4, 1992996284
0, 4, 2002411368
0, 4, 2069472657
4, 0, -2073703030
4, 0, 1933168908
0, 4, 1552035688
0, 4, 1793414678
4, 0, -2080599807
4, 0, -2099000149
0, 4, 1880016348
0, 4, 1468147480
4, 0, -2065954338
0, 4, 1468884106
0, 4, 1992605142
4, 0, -2107607120
4, 0, 1995651064
4, 0, -2046478139
4, 0, -2049137814
4, 0, -2032839027
0, 4, 1978618552
0, 4, 2053379325
0, 4, 2061046866
4, 0, 1823416419
0, 4, 2053022842
0, 4, -2119744521
4, 0, 2050886514
4, 0, 1976830613
4, 0, -2063020893
0, 4, 2052387006
0, 4, 2014815438
4, 0, 2018590004
0, 4, -2105498096
4, 0, 2064916315
0, 4, 1957629260
4, 0, 1753482956
0, 4, 1693934208
4, 0, -1996296587
4, 0, 1685870875
0, 4, 2066321757
4, 0, 1976969897
4, 0, 1973262315
4, 0, 1753494100
4, 0, -2008414654
4, 0, 2053703659
0, 4, 2064507453
4, 0, 1972909222
4, 0, -2040561246
0, 4, 1970708669
0, 4, 2048073856
0, 4, 2039911911
4, 0, 2061937421
4, 0, -1992697271
4, 0, -2008831029
0, 4, 2052060687
4, 0, -2073218334
4, 0, 2052943787
0, 4, 1976520175
0, 4, 1834428893
4, 0, -1992770615
0, 4, 1564022098
4, 0, 1991720898
4, 0, 1835449837
4, 0, 1985995941
0, 4, 1970976058
0, 4, 2016250485
4, 0, 2014148531
0, 4, 2017104199
0, 4, 2060701701
4, 0, 1553585633
4, 0, 1974666481
0, 4, -2119344680
4, 0, 2070612620
0, 4, 2046337872
4, 0, -2093146913
4, 0, 1966603957
4, 0, 1835348973
0, 4, 1957015189
0, 4, 2056095063
4, 0, 2067873916
4, 0, -2082152969
0, 4, 2032158474
0, 4, 2012896727
0, 4, 1973897508
0, 4, 2056896857
0, 4, 2014886961
4, 0, -2080967733
0, 4, -2119331116
4, 0, 2066004009
0, 4, 1979270624
0, 4, 1980025682
4, 0, -2053605663
4, 0, 2053918152
4, 0, -2119906850
4, 0, -2063145013
4, 0, 1825076730
4, 0, 1995038222
0, 4, 1694727520
4, 0, 1834345205
4, 0, 1679207489
4, 0, 2005749882
0, 4, -2119547402
0, 4, -2119209387
4, 0, 1979910058
4, 0, 1964854224
4, 0, 1694184709
4, 0, 1990991919
0, 4, 1822429796
4, 0, -1995500354
0, 4, 2011312876
4, 0, 1976215769
0, 4, 1996045212
4, 0, -2096867925
4, 0, -1998476342
0, 4, -2109822794
0, 4, -2112338845
4, 0, 1881860791
0, 4, 2060596900
0, 4, 2059116765
0, 4, 2068855971
4, 0, 1686335394
4, 0, 1795691416
0, 4, 1990079729
4, 0, -2078104772
0, 4, 1982149807
0, 4, 1686877455
0, 4, 2067144644
4, 0, 2069691691
4, 0, -2114427052
0, 4, 2003264493
4, 0, 1979666744
4, 0, -2106072640
0, 4, 1989410643
0, 4, 1984464114
4, 0, 1970889829
4, 0, 1969029223
4, 0, -2049207360
0, 4, 1978747539
0, 4, 2059998972
4, 0, 1880429207
0, 4, 1685538264
4, 0, 1573342600
0, 4, 1984072241
0, 4, 1793204245
4, 0, 1966112406
0, 4, 1991349719
4, 0, 1550762111
4, 0, 2067911014
4, 0, 1960576036
0, 4, -2103731567
0, 4, 1970674292
0, 4, 1686183338
0, 4, 1989686683
4, 0, 2015819731
4, 0, 1971955325
0, 4, 2014035669
4, 0, 1679152965
0, 4, 2071476597
4, 0, -2044284300
0, 4, 1558192189
4, 0, -2035509380
4, 0, 2062155863
0, 4, 2065071106
0, 4, 1825240263
0, 4, 2055430625
0, 4, 1835425436
4, 0, 1963462813
0, 4, 1755059583
0, 4, 2063144332
4, 0, 1993620412
4, 0, 2053969766
4, 0, 2017826834
4, 0, -2042754550
4, 0, -2082107088
4, 0, -2099701502
4, 0, -2094745870
4, 0, -1972578654
4, 0, 2012820058
4, 0, 1995234715
0, 4, 1977955817
4, 0, -2107218155
0, 4, 1795857532
4, 0, -2062448754
4, 0, -2046190126
0, 4, 1880895639
0, 4, 2016175265
0, 4, 1880636782
4, 0, 2047027958
0, 4, 1981470767
0, 4, 1882319877
0, 4, 2069433410
0, 4, 1564055911
4, 0, 1997655687
4, 0, 1793773245
4, 0, -2115020452
4, 0, 1980082986
4, 0, 1967190265
0, 4, 1677536277
0, 4, 1999647580
4, 0, 2000824553
4, 0, 2050682617
0, 4, 2064316692
0, 4, 2047672703
0, 4, 2017702571
0, 4, 1974660315
0, 4, 1984815393
0, 4, -2108340993
0, 4, 2062303910
4, 0, -2044407715
4, 0, 2046192749
0, 4, 2003711900
4, 0, 1548853933
4, 0, 1997522018
4, 0, 2003023406
0, 4, -2118978996
4, 0, 1992083655
4, 0, 2000410619
0, 4, 2067741466
4, 0, -2095425522
4, 0, -2091105356
0, 4, -2119435248
0, 4, 2001821426
4, 0, 1974832808
0, 4, 2015651678
0, 4, -2119043600
4, 0, -2030129765
0, 4, 2052502305
4, 0, -2066132445
4, 0, 2046925806
0, 4, -2120200599
4, 0, 1793483757
0, 4, 2012969871
0, 4, 1676396421
0, 4, 1695582192
4, 0, -2038298952
4, 0, -1968555674
4, 0, -2097265295
0, 4, -2103157543
0, 4, 1832659418
4, 0, 2044614329
4, 0, 1792693919
0, 4, -2105221399
4, 0, -2097776619
4, 0, 1691269955
4, 0, 1793768224
4, 0, 2054102726
4, 0, -1970949723
4, 0, 1979858711
0, 4, 1468938119
0, 4, 2062063874
4, 0, 1468291794
4, 0, -2059672551
4, 0, 1996479227
4, 0, 1678548313
4, 0, 1559258645
4, 0, -2117216483
4, 0, -2032862294
0, 4, -2106721008
4, 0, -2050788437
4, 0, -2095722584
4, 0, 1880858882
0, 4, 1988864101
4, 0, 1971680639
0, 4, -2107304712
0, 4, 1978776042
0, 4, 1993123737
0, 4, 1881502835
4, 0, -2008196999
4, 0, -2048605526
0, 4, 1977868203
0, 4, 1558213373
0, 4, 2049597630
0, 4, 1694165895
0, 4, 2058045970
4, 0, 1990189705
4, 0, 1573628731
4, 0, 2018598033
0, 4, 1882561109
0, 4, -2103302196
0, 4, 1969472555
4, 0, -2094680552
4, 0, -2070644143
0, 4, -2101622717
4, 0, -2008041212
0, 4, 1753310108
4, 0, -2057552683
4, 0, -2045039072
0, 4, 2004201964
0, 4, 2052924377
4, 0, -2120510481
4, 0, 1824280719
4, 0, -2097757410
4, 0, -2109378330
4, 0, -2091893476
0, 4, 2001588719
4, 0, -2088222366
0, 4, 2054826273
4, 0, -2041086280
4, 0, -2091529129
4, 0, 1978439079
4, 0, 1551298222
4, 0, -2030783867
0, 4, -2106010082
4, 0, 1997093601
4, 0, -2037209911
4, 0, -2061922478
0, 4, 1976109543
0, 4, 1834952043
4, 0, 1753826565
0, 4, 1979756769
4, 0, 1552056553
4, 0, 1752476961
0, 4, -2116597908
4, 0, -2038461736
0, 4, 2054485735
4, 0, 1827587440
0, 4, 1880572752
4, 0, -2073633793
0, 4, 2063050600
0, 4, 1468353283
4, 0, 1686479870
4, 0, 2002172526
4, 0, 1685725616
4, 0, -1996978933
4, 0, 1967633158
0, 4, 2008559961
4, 0, -2028839915
4, 0, 1880394133
4, 0, -2063398308
0, 4, 1979615996
4, 0, 2063685559
4, 0, 2030747571
4, 0, 2051711369
4, 0, -1999562310
4, 0, -2061316850
4, 0, -2100684490
0, 4, 2003710175
0, 4, 1824804465
4, 0, -2064380325
4, 0, 1995126681
4, 0, 1548825209
0, 4, 1565330750
4, 0, 1983427578
4, 0, 1691972876
4, 0, 1564779868
0, 4, 1979879317
4, 0, 2016698529
4, 0, 1990872440
4, 0, 1986044144
0, 4, 1985838135
4, 0, -2073717809
4, 0, 2061287579
0, 4, 1881159228
0, 4, -2105857081
4, 0, -2084430461
0, 4, 1971515559
4, 0, 2062305248
4, 0, -2050733104
4, 0, -2112793424
0, 4, 2052376488
4, 0, -2107764756
0, 4, 1880756424
0, 4, 1984395798
0, 4, 2032506760
4, 0, 1564317284
4, 0, 2006458501
0, 4, 2044345080
0, 4, 1836458953
4, 0, 2008164763
4, 0, -2079745159
0, 4, 2001268591
4, 0, 1573685091
4, 0, 1691339437
4, 0, 2070982324
0, 4, -2117284950
4, 0, -2088880255
4, 0, 1972063802
0, 4, 1825414085
0, 4, 1825438104
4, 0, 2053752780
4, 0, -2115536837
4, 0, 2013545135
0, 4, 1880597957
4, 0, -2031744470
4, 0, 2043947464
4, 0, 1932285374
4, 0, 1548778307
4, 0, -2061321905
4, 0, 1991827117
0, 4, 2053858057
4, 0, 2072450356
4, 0, -2109074011
4, 0, 1956702799
0, 4, 1962158314
4, 0, -2034969637
4, 0, 1883344152
4, 0, -2096100633
0, 4, 2071520020
4, 0, -2113572696
4, 0, 1995997406
4, 0, 2005119960
4, 0, -2063444126
4, 0, 2056431988
0, 4, 2014452437
4, 0, 2001255479
4, 0, -2105187327
0, 4, 1977478446
0, 4, 1824898282
4, 0, -2075685720
0, 4, 1834402106
4, 0, 1823834710
4, 0, -2041639511
0, 4, -2102361944
0, 4, 2064925896
4, 0, -2118795437
0, 4, 1963135793
0, 4, 2068197889
4, 0, -2077549637
0, 4, 1965621204
0, 4, 1995958251
4, 0, -2031868275
0, 4, 2056096442
4, 0, -2119412791
4, 0, -2108317298
4, 0, 2071881540
0, 4, -2107128267
4, 0, 1962372821
4, 0, 2049416956
0, 4, 1676953457
0, 4, 1970664646
0, 4, 1967924787
4, 0, 1989201381
4, 0, -2118018174
4, 0, -2116885222
4, 0, -2095238072
4, 0, 1834036101
0, 4, 1984601873
4, 0, -2092017172
0, 4, 1961113956
0, 4, 1982769422
0, 4, 1992356467
4, 0, 1692287477
0, 4, -2102405295
4, 0, -2096999112
4, 0, 2014648612
4, 0, 2049273943
4, 0, -2112286442
4, 0, -2089453758
4, 0, -2077605272
4, 0, -1996459777
0, 4, 1678575262
4, 0, -1971474875
0, 4, -2120144720
4, 0, -2118432237
4, 0, 1971915406
0, 4, 1993245980
0, 4, 1964814560
0, 4, 1794783941
0, 4, 1555903726
4, 0, -2089641745
4, 0, 1564143581
4, 0, 1677422816
0, 4, 1825218926
0, 4, 1755061131
4, 0, -2106384370
4, 0, -2032566710
0, 4, 1834897699
0, 4, -2118908324
4, 0, -2105262761
0, 4, 2066717717
4, 0, 2051249579
4, 0, 1976905309
4, 0, 1881537775
4, 0, -2107570967
4, 0, -2116886477
4, 0, 2065526924
0, 4, 2060436786
4, 0, 1985194268
4, 0, 2065018993
4, 0, 1964159645
0, 4, 1468869955
4, 0, -2030071486
0, 4, 2002141589
4, 0, -1973187248
4, 0, 1693670268
4, 0, 1956023891
0, 4, 1975425119
4, 0, -2047824170
0, 4, -2102827146
4, 0, 1792690185
0, 4, 1834942617
4, 0, -2082708003
0, 4, 1882374358
4, 0, 2064412482
0, 4, 1793680754
0, 4, 1676129392
0, 4, 1967005599
0, 4, 1468294189
4, 0, -2068842336
0, 4, 1881338312
4, 0, 1976558032
4, 0, 2048832503
4, 0, -1999306901
4, 0, 2015749555
0, 4, 1978272867
0, 4, 2053894369
4, 0, -2063745988
0, 4, 2052494147
4, 0, -2115914661
4, 0, 1995821977
4, 0, 1469504046
0, 4, 1992607102
4, 0, 1983976761
4, 0, -2041355078
0, 4, 1753384040
4, 0, 1469269900
4, 0, 2055414617
0, 4, 2001767990
4, 0, 2056951929
0, 4, 1964062669
0, 4, 2014023109
4, 0, 1573459935
4, 0, -1972183117
4, 0, 1999761186
4, 0, 1827097010
4, 0, 2051574815
4, 0, 1833698636
4, 0, 2061625054
4, 0, 1881752993
0, 4, 1993540627
4, 0, 1679241097
4, 0, 2066060245
4, 0, -2103486064
4, 0, 1695101626
0, 4, -2109366571
0, 4, 1565365365
0, 4, 1995018447
4, 0, 1834111498
0, 4, 1753631640
0, 4, 2008446091
4, 0, -2060028199
0, 4, 2052700840
0, 4, 1883077161
0, 4, 2071889961
4, 0, -2105004346
0, 4, 2014753660
4, 0, -2105964733
0, 4, 2069027123
4, 0, -1996893299
4, 0, -1967304799
0, 4, 1992230245
0, 4, 1979848455
4, 0, -1968760852
0, 4, 1995018894
4, 0, 1676423740
0, 4, 1978200499
4, 0, 1825902434
4, 0, -2106770652
4, 0, 1964872486
4, 0, 1676796494
0, 4, 1978997260
0, 4, 1966409863
4, 0, 1573485260
4, 0, -2034231778
0, 4, 1979536499
4, 0, 1990128238
0, 4, 2050152197
4, 0, -2048189066
0, 4, 1834897181
4, 0, -2045599841
4, 0, -2072034974
0, 4, 1676808119
4, 0, -2032595724
0, 4, 2070089307
0, 4, 2050041247
0, 4, 1692176471
0, 4, 1556552091
4, 0, 2058246335
4, 0, -1971786970
4, 0, 1984291130
4, 0, 2049143835
0, 4, 2049708007
0, 4, 1556065268
0, 4, 2060527446
4, 0, 1981900585
4, 0, -2027968927
4, 0, -1988723846
0, 4, 1548836604
4, 0, -2081336104
4, 0, -2058504915
4, 0, -2104950477
0, 4, -2103484059
4, 0, -2079668773
4, 0, 1791922600
4, 0, 2059211714
4, 0, 1550934083
4, 0, -2060200604
4, 0, 1992471412
4, 0, 1978859250
4, 0, 2051149296
4, 0, 2054799237
0, 4, 1822723156
0, 4, 2058726612
4, 0, 1972639767
0, 4, 1973021025
0, 4, 1982398835
4, 0, -2047921874
0, 4, -2118402196
4, 0, -2105090966
4, 0, -2076616680
0, 4, 1563830597
4, 0, 2065460737
0, 4, 2069362236
0, 4, -2109683964
4, 0, 1792420652
4, 0, -2069991929
0, 4, 2052924372
0, 4, 1969356296
4, 0, 1686616601
4, 0, -2034387771
0, 4, 1694812972
4, 0, 1469055821
0, 4, 2067722085
4, 0, -2116189663
0, 4, 1687309499
4, 0, -2103495529
4, 0, -2037525288
4, 0, -2086003798
4, 0, 1557644140
0, 4, 2046868012
4, 0, -2006678423
4, 0, 1972425059
0, 4, -2101662912
0, 4, 1694401661
4, 0, 2056446161
0, 4, 2047389913
4, 0, 2067795339
4, 0, 2061826540
0, 4, 1990968221
4, 0, 2014197788
4, 0, 2052686372
0, 4, 1760179839
4, 0, 1794772516
4, 0, -1993866947
4, 0, 2012261849
4, 0, -2062403178
4, 0, 2063984098
4, 0, 2070377275
4, 0, -2028559617
0, 4, -2115114957
0, 4, 1960296107
0, 4, 2053464168
0, 4, 2064037203
4, 0, 1559673443
4, 0, 1974682319
0, 4, 2053623668
0, 4, 2061164776
0, 4, 1994724802
0, 4, 2063643369
0, 4, 1985906588
4, 0, 2018460485
0, 4, 1676253081
0, 4, -2119914499
0, 4, 1469367959
0, 4, 2066286615
4, 0, 1687155469
4, 0, -2041526753
4, 0, -2044687214
0, 4, 2002034406
4, 0, -2011353306
4, 0, -1997172133
0, 4, 2066156041
0, 4, 1970784918
0, 4, 1834315632
0, 4, 1989238668
4, 0, 1997517447
4, 0, 2052854357
4, 0, -2069032594
0, 4, 1969846142
0, 4, 1677379060
0, 4, 1977443032
4, 0, -2113597805
0, 4, 1693582671
0, 4, 1686528624
4, 0, -2075459347
4, 0, 2068595010
0, 4, 1564959316
4, 0, -2029973682
4, 0, 1791600658
4, 0, -2046223006
0, 4, 2062580594
0, 4, 1979656836
4, 0, 2051022295
4, 0, -1966647290
0, 4, 1831204468
0, 4, 1680884655
4, 0, 2050568792
4, 0, -2087231589
4, 0, -2056611762
4, 0, -2087095094
4, 0, -2042876748
0, 4, 2053748954
0, 4, 1970254252
0, 4, 1824430332
0, 4, 1792117812
0, 4, 2063827288
4, 0, 2014987658
0, 4, 1973880325
0, 4, 1972827398
4, 0, 1557915414
0, 4, 1559356958
0, 4, 1979750162
0, 4, 1963822594
4, 0, 2064592635
4, 0, -2109918430
0, 4, 1982682813
0, 4, 1751324739
4, 0, 1978518351
0, 4, 1995403087
4, 0, 2060081986
4, 0, -2052863674
4, 0, 2070758929
4, 0, -2053934677
4, 0, 1677322523
0, 4, 2059098738
0, 4, 2014866449
0, 4, 1998086133
4, 0, 2013822569
0, 4, -2105067408
4, 0, 1752416053
4, 0, 1980339324
0, 4, 2015127795
0, 4, 1990293696
4, 0, 1989339247
0, 4, -2104533720
0, 4, 1989482645
4, 0, 1989063618
4, 0, 1823814469
4, 0, 2059530050
0, 4, 1932309787
0, 4, 1984411784
4, 0, 1554138049
4, 0, 1989600229
4, 0, -2059411237
4, 0, 1969333555
4, 0, -2073315479
0, 4, 2002711429
0, 4, 1986475346
4, 0, 2060115704
0, 4, -2119666356
0, 4, -2108412445
0, 4, 2015436008
4, 0, -2032552872
0, 4, 2063069686
4, 0, -2118382150
4, 0, -2049991662
4, 0, -2099429681
0, 4, 1975343431
4, 0, 1963213660
4, 0, 2011065368
0, 4, 1994029738
4, 0, 2065346963
0, 4, -2117561160
4, 0, -1973066549
0, 4, 1754599331
4, 0, -2068580470
4, 0, -2072348763
0, 4, 2055828882
0, 4, 2048638853
0, 4, 1960630050
4, 0, 1932513931
4, 0, 1976562087
4, 0, -2062031957
4, 0, 2068119426
4, 0, 1966981206
0, 4, 2065057641
0, 4, 1573529860
4, 0, 1975065468
4, 0, -2034022948
0, 4, 1986641242
4, 0, -2083391692
4, 0, 1971095958
0, 4, 1677076299
0, 4, 1970044676
4, 0, 1468596929
0, 4, 1970179540
0, 4, 2001404025
0, 4, 1988977689
4, 0, -2064804194
4, 0, -2046415462
4, 0, -2092302859
4, 0, 2031855040
0, 4, 1971591897
0, 4, 2049838400
4, 0, -2039157319
0, 4, 1824582751
4, 0, 1551179767
0, 4, 1978989122
0, 4, 1751431183
4, 0, -2028080927
4, 0, -2103560188
0, 4, -2105007411
4, 0, 1932328260
0, 4, 1573252109
4, 0, 1825717070
0, 4, -2120370775
4, 0, 2001672718
4, 0, 2063063044
4, 0, -1992162082
0, 4, -2115589500
4, 0, 1973713053
4, 0, -2041744894
0, 4, 2061132979
4, 0, 2059435727
0, 4, 1972212044
4, 0, 1678810498
4, 0, -2089258399
4, 0, 1822539039
0, 4, 1974101945
4, 0, -2089166650
4, 0, -1999751850
0, 4, 2000876174
4, 0, -1971559478
4, 0, -2039091749
4, 0, 1984835765
4, 0, -2077513028
0, 4, -2120305695
4, 0, -1997198419
0, 4, 1684981732
0, 4, 2001578348
4, 0, 2058490718
4, 0, 1982308599
4, 0, 2065705239
0, 4, 1974428822
4, 0, -2032677746
4, 0, 1973357743
4, 0, -2116535534
4, 0, 1551711463
0, 4, 2069175213
0, 4, 2013495503
0, 4, 1970092385
4, 0, 1991966926
4, 0, 1693580220
0, 4, 1684762584
0, 4, -2119833078
4, 0, 1980287632
4, 0, 1985283107
0, 4, 2050657297
0, 4, 1831297275
4, 0, 1976856746
4, 0, -2100639032
4, 0, 2067115777
4, 0, 1989809752
4, 0, 1555732276
4, 0, -2047414512
4, 0, 2046587649
4, 0, 1990436668
0, 4, 1966338217
0, 4, 1835501911
0, 4, 1693379155
4, 0, 1990429095
4, 0, 1999435107
4, 0, 1997260503
4, 0, 1957301684
4, 0, 2053173907
4, 0, 1983396552
0, 4, 2001298009
0, 4, 1792196219
4, 0, -2063317304
4, 0, 1977536684
4, 0, -2064145647
0, 4, 2057421923
0, 4, 1565294837
4, 0, 2066472309
4, 0, 1883092139
4, 0, -2040292582
4, 0, -2076676994
4, 0, 1834340305
4, 0, -2028745980
4, 0, -1972862341
4, 0, 1982835207
4, 0, -2010875807
4, 0, 2054125547
4, 0, 1970419452
0, 4, 1752088198
4, 0, 1836224843
4, 0, 1978028062
4, 0, 1759728849
0, 4, 2001404553
0, 4, 2014693062
0, 4, -2116956225
4, 0, 1678401215
4, 0, -2030833055
4, 0, 1564662725
0, 4, 1992355114
4, 0, 1751949655
4, 0, -2061642154
4, 0, 1882362046
4, 0, -2113777873
4, 0, -2087977991
4, 0, 2071094028
4, 0, 1975783694
0, 4, 1996787711
4, 0, 2065156743
0, 4, 1827979868
4, 0, 1681031275
0, 4, -2105585792
0, 4, 1985366963
0, 4, 2013164060
4, 0, 1685054244
4, 0, 1881559514
4, 0, 1989055740
0, 4, 1677504904
4, 0, 1974138257
4, 0, 2015553940
0, 4, -2112312843
0, 4, -2103931983
4, 0, -1968953512
4, 0, -2064983848
0, 4, -2103819360
0, 4, 1558765395
0, 4, -2114037378
4, 0, 1982989985
4, 0, -1992138938
4, 0, 2018508195
4, 0, 1961243059
4, 0, -2080508550
0, 4, 1969783740
4, 0, 1996909675
4, 0, -2028741216
4, 0, -2039719826
4, 0, 1976752440
0, 4, 1986026486
4, 0, -2006493930
4, 0, 2016130865
4, 0, 2054742785
0, 4, 2050641615
4, 0, 1990248021
0, 4, 1975040504
0, 4, 1835974474
4, 0, 1957745916
4, 0, 2044022589
4, 0, 1564379519
0, 4, 1558072318
4, 0, 1754192209
0, 4, -2104874794
4, 0, 2056502731
4, 0, 1933141775
4, 0, 2000953619
4, 0, 1985099724
4, 0, 1825055676
4, 0, 1971940508
0, 4, 1933163201
0, 4, 1695137257
4, 0, -2102224428
0, 4, 1997890629
0, 4, 1792865652
0, 4, 2002453923
4, 0, -2110111822
4, 0, 1993538161
4, 0, -2040013988
4, 0, 1999500328
4, 0, 2002161205
4, 0, 1676387727
4, 0, -2117871625
0, 4, 1983969629
0, 4, 1982416229
4, 0, 1978441286
4, 0, 2070405984
4, 0, 1793873036
4, 0, -2077605360
4, 0, 1982801240
4, 0, 1967369410
4, 0, 2054299476
0, 4, 2067999430
4, 0, -2028680980
0, 4, 1976351799
4, 0, -2028795335
0, 4, 1971604877
0, 4, -2105017655
4, 0, -1994430233
4, 0, -1997314585
4, 0, -2076219160
0, 4, -2104182386
4, 0, -2060986999
0, 4, -2119770207
4, 0, -2051206638
0, 4, 1965952367
4, 0, 1984530142
4, 0, 2047066566
4, 0, 2015312993
4, 0, -2067018386
4, 0, 2051887831
4, 0, 2060335386
4, 0, -2028858225
4, 0, -2116900394
0, 4, 1975088292
0, 4, 1880381221
4, 0, 2053722413
4, 0, 1985395190
4, 0, 1997975253
4, 0, 2016608836
4, 0, -2106307962
4, 0, 1995927122
4, 0, -2087465097
4, 0, 2063123233
4, 0, -2092588836
0, 4, 1998109242
4, 0, 2017436274
4, 0, 2014438311
4, 0, -2118199828
4, 0, 1983179278
4, 0, 1977051436
4, 0, 1989998422
0, 4, 1956072613
0, 4, -2108178840
4, 0, 1691822659
0, 4, 2061281346
4, 0, 1961479003
0, 4, 2071115910
4, 0, 2013302940
4, 0, 1834702702
4, 0, -2042376681
4, 0, -2091016186
4, 0, -2118647772
4, 0, 2061301194
0, 4, 2058861596
4, 0, 2000934159
4, 0, 1883149671
0, 4, 2013656946
0, 4, 1992518706
4, 0, 1983315310
0, 4, -2103819756
4, 0, 1469107790
4, 0, -2099250174
0, 4, 1966130988
4, 0, 2068047152
4, 0, -2060165022
4, 0, 1685213823
4, 0, 2068640978
4, 0, 1833781606
4, 0, -1967031097
0, 4, 1688895814
0, 4, 1825607170
4, 0, 1824179515
4, 0, 2056477307
4, 0, -2102501720
4, 0, 1974908002
0, 4, 1796904794
0, 4, 1981801687
4, 0, -2032876287
0, 4, 1993412683
0, 4, 1755510034
0, 4, 2063652830
0, 4, 2015528854
4, 0, -2034154342
0, 4, 2002815670
0, 4, -2101540842
4, 0, 1977318353
4, 0, -2044425836
0, 4, 2052425245
4, 0, 2069871992
4, 0, -2094776830
4, 0, -1968394797
4, 0, 1832860119
4, 0, 1977752930
4, 0, 1956733979
4, 0, -2098167091
4, 0, 1676703525
4, 0, 1676424281
4, 0, -2104823468
4, 0, -2102887765
4, 0, 1676638359
4, 0, -2037044928
0, 4, 2060103375
4, 0, -2034942921
4, 0, -2032985607
4, 0, 2001313840
0, 4, 2072225907
0, 4, -2120603817
0, 4, 1981801688
4, 0, 2001457053
4, 0, 1833281879
0, 4, 1686638877
4, 0, 2000877074
4, 0, 1996452555
4, 0, -2105664315
0, 4, 1694686765
0, 4, 1677566035
4, 0, -2043997364
4, 0, 1793499138
4, 0, 2063736710
4, 0, 1992573871
4, 0, -2060428182
4, 0, 2005115655
4, 0, 2010601007
4, 0, 1684969857
4, 0, 1972282201
0, 4, 1960396697
4, 0, 1824346200
4, 0, -1994223133
0, 4, 1995939628
0, 4, 1976012979
4, 0, 2065331597
4, 0, 2072343856
4, 0, 1692095665
0, 4, 1824135548
0, 4, 2063935126
4, 0, -2079639653
4, 0, -2066119811
4, 0, -2010052085
4, 0, 1686978943
0, 4, -2106039835
0, 4, 1677893444
4, 0, 1963603407
4, 0, -2035449519
4, 0, 2057168329
0, 4, 2062491161
4, 0, 2070415645
4, 0, -2114863601
0, 4, 1978236695
4, 0, 1963102339
0, 4, 2014112318
4, 0, -2109880045
0, 4, 2047656205
4, 0, -2043605634
4, 0, -2079735864
4, 0, 2060077501
4, 0, -2072674217
4, 0, 1825361349
0, 4, 1551523241
0, 4, 1984716271
4, 0, 2049500048
4, 0, -2117485392
0, 4, 1880206985
4, 0, 1823121412
4, 0, -2083491603
4, 0, -2038975065
4, 0, 2002987078
4, 0, -2032027469
4, 0, 2064561104
4, 0, -2086380411
0, 4, 1880607409
0, 4, 1468835040
4, 0, -2117605529
0, 4, 1990081251
4, 0, -2044744161
4, 0, -2068366092
4, 0, 1687496723
0, 4, 1556859702
4, 0, -2106883638
0, 4, -2102031385
4, 0, -2041015115
0, 4, 1467841985
0, 4, 1976169021
4, 0, 1957046815
4, 0, 1833234318
0, 4, 1999746989
4, 0, 2068887260
4, 0, 1991303591
0, 4, 2053815564
4, 0, -1996701168
4, 0, 1692448603
4, 0, 2014295746
4, 0, -2069464178
4, 0, 1686017212
0, 4, 2013067159
0, 4, 1826416844
0, 4, 1970518051
4, 0, -2094375795
4, 0, -2104035204
0, 4, 1966875149
4, 0, -2006752504
4, 0, 2017614052
4, 0, -2035996930
4, 0, -2058550448
0, 4, 1565917430
0, 4, 1976481129
4, 0, -2070219787
0, 4, 1967887709
4, 0, -1998488816
4, 0, 1695649840
0, 4, 1978962713
4, 0, 1988712392
4, 0, 2058161693
4, 0, -2069720441
0, 4, -2105783598
0, 4, 2001956856
4, 0, 2064532491
4, 0, 1824728725
0, 4, 1978953798
4, 0, 2065608350
4, 0, 1548319602
0, 4, 1963463834
4, 0, 1881060436
4, 0, -2028553470
0, 4, 1991796239
0, 4, 1973365696
4, 0, 1989741850
0, 4, 2054796187
0, 4, 1468527858
4, 0, 1972624038
4, 0, 2071744089
4, 0, -2119089894
4, 0, 2055124472
0, 4, 1980454888
4, 0, -2010543483
0, 4, -2104853047
4, 0, 1556606151
0, 4, 2049305380
4, 0, 1823558129
4, 0, -2064372688
0, 4, 1881029262
4, 0, 1971059925
0, 4, 1833565153
0, 4, 1678131591
0, 4, 1972329512
4, 0, 1677207746
4, 0, -2007084598
4, 0, 1964972284
4, 0, 1557680197
4, 0, 1966195083
0, 4, -2118606290
0, 4, 1553462868
0, 4, 1974381482
4, 0, -2034700059
4, 0, 1968788388
0, 4, -2105569388
4, 0, -2100289692
0, 4, 1970997780
4, 0, -2091080597
0, 4, 1998917266
4, 0, 2061553277
4, 0, -2079115407
4, 0, 1996192111
4, 0, 1969597259
4, 0, -2104004173
0, 4, 2016474041
0, 4, 2067051141
4, 0, -2027753831
4, 0, -2103282780
4, 0, 1833580364
0, 4, 1468350990
4, 0, 1692295722
0, 4, 2053166503
4, 0, 2060135199
4, 0, 2066992431
4, 0, -2107598168
4, 0, -1969654572
4, 0, 1556701241
4, 0, -2048587630
4, 0, 1957132511
4, 0, -2042040681
0, 4, -2120044945
4, 0, -1971902457
0, 4, 1967945321
0, 4, 2044814850
4, 0, -2028802317
0, 4, 1992455857
4, 0, -2089220260
0, 4, 1986786468
4, 0, 2063254988
0, 4, 2013536004
0, 4, 1824844023
0, 4, 1468363696
4, 0, 1988717103
4, 0, -2061963358
0, 4, 1468323352
4, 0, 1974439020
0, 4, 2055538669
4, 0, -2083709336
4, 0, -2071802792
4, 0, 2053144387
0, 4, 1554166882
0, 4, -2112284898
4, 0, -2091168014
4, 0, 2016634229
4, 0, 1823706206
0, 4, 1983309302
4, 0, -2061938462
4, 0, -2060428041
0, 4, -2104743510
0, 4, 1990683336
4, 0, 1553823403
0, 4, 1983207574
4, 0, 1962781061
0, 4, 2053489850
4, 0, -2093615486
4, 0, 1982360586
4, 0, 1565096048
4, 0, -2063213589
4, 0, 1982242800
0, 4, -2115884012
0, 4, 1760006542
0, 4, 2001120529
0, 4, 1998696896
0, 4, -2105081110
4, 0, 2067114961
0, 4, 1574087957
0, 4, 1693209039
0, 4, 1997539608
4, 0, -2038237472
4, 0, 2066940996
0, 4, 2052865551
0, 4, 1882320779
0, 4, -2104874571
4, 0, 2063704547
4, 0, 1563807026
4, 0, -2079794314
4, 0, 1968355065
0, 4, 1676314127
4, 0, -2046326249
4, 0, -2094038941
4, 0, 1835313294
4, 0, 2052527387
4, 0, 1975221731
0, 4, 1965916977
4, 0, 2072445057
4, 0, 1564646271
0, 4, -2109278459
4, 0, 2059340555
4, 0, 1972180784
0, 4, 1962630502
0, 4, 2065958726
4, 0, -2063008797
0, 4, 2014691453
4, 0, 1794908642
4, 0, -1994374001
4, 0, -2112211614
4, 0, -2053516292
0, 4, 1967112655
4, 0, 1973774208
4, 0, 2069520832
4, 0, 1981742511
4, 0, -2066851307
0, 4, 2058247713
4, 0, 2067973002
0, 4, 1685031414
4, 0, -2118591036
4, 0, 1792442388
4, 0, -2104035106
4, 0, 1564042329
0, 4, 1990023395
0, 4, 1984900628
4, 0, 2015089288
0, 4, 1753309879
0, 4, 1979334350
0, 4, 1989582521
4, 0, -2063883805
0, 4, 1551427323
4, 0, 2048255466
0, 4, 1883200840
0, 4, 1979707351
4, 0, 1969033350
4, 0, -2065537857
4, 0, -2111158121
4, 0, 2060633011
0, 4, 1978972341
0, 4, 1686336598
0, 4, 2052857472
0, 4, 1694091113
4, 0, 1557284689
0, 4, 1795269197
4, 0, -2063554784
4, 0, -2065095289
4, 0, 1970747712
4, 0, 1557235928
4, 0, -2076295073
4, 0, 1979546104
4, 0, -2053932705
4, 0, 1964794235
4, 0, -2093128759
0, 4, 1468222458
4, 0, -2032475650
4, 0, 1973833126
4, 0, 1974753768
4, 0, -2029771081
0, 4, -2107129707
4, 0, -2063390118
4, 0, 1973811135
4, 0, 1686083547
0, 4, 1975008124
4, 0, -2116353645
4, 0, -2075684246
4, 0, -2009277487
4, 0, 1759163629
4, 0, 1997283589
4, 0, 2056091916
0, 4, 1883640608
4, 0, 1969605375
4, 0, -2058849455
0, 4, 1469586840
0, 4, 1988958532
4, 0, 1573322799
4, 0, -2039805090
4, 0, 1687058162
0, 4, 1964524421
0, 4, 2050434396
4, 0, 1993859360
4, 0, 1564505451
4, 0, 2054832944
4, 0, 2058637247
4, 0, 1966228071
4, 0, 1550842657
4, 0, 2002319172
0, 4, 1676369117
4, 0, 1961059288
4, 0, 1979755052
4, 0, 1996546073
4, 0, -2069190823
4, 0, 1879965913
0, 4, 1979099328
4, 0, 1932409487
0, 4, -2104969225
4, 0, -2060350375
4, 0, -2117832733
4, 0, -2036972614
4, 0, -2102507145
0, 4, 1978816189
4, 0, -2046441358
0, 4, 1795317308
0, 4, 1677261942
4, 0, 1992703336
4, 0, -2075991033
4, 0, 1556721843
0, 4, -2119821545
4, 0, 1975780196
0, 4, 1982133343
0, 4, -2118267552
4, 0, 2062438113
0, 4, 1677720309
4, 0, -2040428002
4, 0, 2051012325
0, 4, 1676972538
4, 0, -2111295872
0, 4, 2052771439
0, 4, 1964708012
4, 0, 1974439106
0, 4, 1982770345
0, 4, 2003601108
0, 4, 2062448130
4, 0, -2089105523
4, 0, -2058116676
0, 4, 1468788316
4, 0, -2049386329
0, 4, 2070747966
0, 4, 1961922459
4, 0, 2055038653
0, 4, 2018376280
4, 0, 2045235223
0, 4, 1970197396
4, 0, 1976639485
0, 4, 1985401668
4, 0, 2015206815
4, 0, 1468545846
0, 4, 1991494451
4, 0, -2058303787
4, 0, 1972397859
4, 0, -2118701262
0, 4, -2115287942
0, 4, 1969767851
4, 0, 1970737592
4, 0, -2048290863
4, 0, 1880201027
4, 0, -1971937797
4, 0, 1677712355
4, 0, -2080880046
0, 4, 2062447973
4, 0, 2009275068
4, 0, -2036782219
4, 0, 1880916014
4, 0, 2055388623
4, 0, 2060541783
0, 4, -2110020454
0, 4, -2119354248
4, 0, 1990593743
0, 4, 1965915972
0, 4, 1558885636
4, 0, 2050821922
4, 0, 1793068369
4, 0, -2030206292
0, 4, 2064557593
4, 0, 1827395147
4, 0, -2112064257
0, 4, 1967870016
4, 0, 2070108993
0, 4, 1989032082
0, 4, 1693831043
4, 0, 2062879230
4, 0, -2083851668
0, 4, 1883302756
4, 0, 1832353507
4, 0, 1685474753
0, 4, 2063718381
4, 0, 1828032709
4, 0, -1972227180
0, 4, 2051626532
0, 4, 1754708424
4, 0, 2054600809
4, 0, -2089885634
4, 0, 2049754947
4, 0, -2118319305
4, 0, 1977253941
4, 0, 2055524327
4, 0, 2013323587
0, 4, 1834759443
0, 4, 2033645275
0, 4, 1793119103
4, 0, 1825020589
4, 0, -2059153064
4, 0, 2052620702
4, 0, -2098073226
4, 0, 1771132710
4, 0, -2104340137
4, 0, 1794730107
4, 0, -2100373538
4, 0, 2051519880
0, 4, 1933223520
4, 0, 2067786489
0, 4, 2049461341
4, 0, 2015930851
4, 0, -2089598398
4, 0, -2076300329
4, 0, -1970563135
0, 4, -2101935563
4, 0, 2001692811
4, 0, -2103748271
4, 0, -2068426635
4, 0, 1684786657
4, 0, -2031783420
4, 0, -2054863215
0, 4, 1558676679
0, 4, 2051733249
0, 4, 1994997850
4, 0, 1991102365
4, 0, -2092570753
4, 0, 2015777146
4, 0, 1828042623
4, 0, 1557579492
4, 0, 2015424790
4, 0, 1991070443
4, 0, 1556609622
0, 4, 1826036855
4, 0, -2032234410
0, 4, 1984414713
4, 0, 2016129779
4, 0, -2043706709
4, 0, -2103932859
4, 0, 1980663511
0, 4, 1687039845
4, 0, 2045198125
4, 0, 2062301651
0, 4, 1557242756
4, 0, 2059300646
0, 4, 1977579125
4, 0, -2092677330
0, 4, -2117265513
0, 4, 2047790779
4, 0, -2028277812
0, 4, 1980017547
4, 0, 2067713763
4, 0, 2013137890
4, 0, -2052447381
0, 4, 1975518024
0, 4, 1970154971
4, 0, 2013463515
0, 4, 2030755804
4, 0, -2084429621
4, 0, 2067697454
4, 0, 1965531224
4, 0, 1558254605
4, 0, 1752220114
4, 0, -1992358753
4, 0, 2053380691
4, 0, -2114500882
4, 0, 2006459542
4, 0, 2059947755
4, 0, 1883141012
4, 0, 2016626393
4, 0, -2068140969
4, 0, 2005008598
4, 0, 1974639885
4, 0, -2090203689
4, 0, 1981391396
4, 0, -2056537892
4, 0, 1563845255
4, 0, 2066784190
4, 0, -2072170128
0, 4, 1550847854
4, 0, 1558066637
0, 4, 1557388067
4, 0, -2053931732
0, 4, -2106625517
0, 4, 1984395758
0, 4, 1973809367
0, 4, 1994828373
4, 0, -2073688694
0, 4, 2072111426
0, 4, 1989824831
0, 4, 1978385104
4, 0, -2106320714
0, 4, 1836189437
0, 4, -2118618749
4, 0, 1970341625
0, 4, 1974202420
0, 4, 1933020610
4, 0, 2014521824
4, 0, 1825038421
4, 0, 1882524698
4, 0, 1988864103
0, 4, 1469070167
4, 0, 2016094787
4, 0, -2053385136
4, 0, -2082904983
4, 0, 2008578916
4, 0, -2059221092
4, 0, 1685855175
4, 0, -2071832655
4, 0, -2114340868
4, 0, -2008959407
4, 0, -2046409838
0, 4, 1770980190
4, 0, 1974819538
4, 0, 2053556143
0, 4, 2015723770
0, 4, 1880294252
0, 4, 2055997262
4, 0, 1990436133
4, 0, 1573299338
4, 0, -2068834307
4, 0, -1971369453
4, 0, 1974558426
4, 0, -2106556419
4, 0, -2080688928
4, 0, 1992219194
0, 4, 1996536526
4, 0, 2000761412
4, 0, 2058531311
0, 4, 1992091351
0, 4, 1972774537
4, 0, 1961515560
4, 0, -2042336622
4, 0, -2037252140
4, 0, 1556794166
4, 0, -1969676282
4, 0, -2097148349
4, 0, -2056951817
4, 0, -2116165904
0, 4, -2106069298
4, 0, -2120349338
4, 0, 1834154801
4, 0, 1986163450
0, 4, 1981160319
0, 4, 2064896422
0, 4, 1469814230
0, 4, 1998433269
4, 0, -1965967897
0, 4, 1553773447
0, 4, 2071729124
4, 0, -2095936093
0, 4, 2052447363
4, 0, 1995287167
4, 0, -2089480629
4, 0, 2014767948
4, 0, 2002029314
4, 0, 1881246469
0, 4, -2109822089
4, 0, 1557029129
4, 0, 1976288886
0, 4, 2068275388
0, 4, 2057801749
0, 4, 1677055474
4, 0, 2049456132
4, 0, 1985140663
4, 0, 1881926072
4, 0, -2108501148
0, 4, 2053176699
0, 4, 1751953066
4, 0, -2109289695
4, 0, 1964127614
4, 0, 1963531079
0, 4, 1980566488
0, 4, -2108604478
0, 4, 2000790215
4, 0, 1826057919
4, 0, -2120173284
0, 4, -2104770078
0, 4, 1999020740
4, 0, 1826451189
0, 4, 1823818049
4, 0, -2049483850
4, 0, 1834399328
0, 4, 2059947608
0, 4, 1688114114
0, 4, 2072052753
4, 0, 1795501115
0, 4, 1551807114
4, 0, -2080463350
4, 0, 1793224145
0, 4, 1998672713
0, 4, 2013497957
0, 4, 1883642226
4, 0, 2053566861
4, 0, 2008071761
0, 4, 1992560349
0, 4, 2063279152
4, 0, -2080434523
4, 0, -2039705475
0, 4, 2062213334
4, 0, 2069989234
4, 0, 2001641687
4, 0, 1792352669
4, 0, -2031878141
4, 0, -2062805289
4, 0, 2057818739
4, 0, -2063895294
4, 0, -2005328784
0, 4, 1468022154
4, 0, 1996606351
4, 0, 2014298849
4, 0, -2065612240
4, 0, -2043598184
4, 0, -2112930216
4, 0, -2112089849
0, 4, 1836226421
0, 4, 2031180864
4, 0, 2054482218
0, 4, 2061198652
0, 4, 1469504022
4, 0, 1963408939
4, 0, 2001391684
0, 4, -2108651444
0, 4, 1752773617
4, 0, 1880152963
0, 4, -2104145080
4, 0, -2077720070
4, 0, -2081380668
0, 4, 2050829441
4, 0, 2016050359
4, 0, -2090716566
0, 4, 1564503761
4, 0, 1468141439
4, 0, 2058842903
4, 0, 1969301019
0, 4, 1977575845
0, 4, -2101937503
0, 4, 2017015076
0, 4, 1996216128
4, 0, 1990297488
4, 0, -2085606345
4, 0, 1990849423
4, 0, 1974017254
4, 0, 2060364418
0, 4, 1553240921
4, 0, 1692017472
4, 0, -2105442172
0, 4, 2071480203
4, 0, -2087067679
4, 0, 1976309034
4, 0, -1969413008
4, 0, 2066899300
0, 4, -2107575274
4, 0, 2018630688
4, 0, 2001034271
4, 0, -2077916327
0, 4, 1992334855
4, 0, -2041192061
4, 0, -2057772327
0, 4, 2001577743
4, 0, -2078299582
0, 4, 1881275480
4, 0, 1970769559
4, 0, -2040776035
4, 0, 1563956988
4, 0, 1879914989
0, 4, 1881781435
0, 4, -2101514046
4, 0, -2006209106
0, 4, 1962398562
0, 4, 2063857603
0, 4, 1989903419
0, 4, 1695618512
4, 0, -2056566958
4, 0, 2052822329
4, 0, -1973555984
4, 0, 1996478583
4, 0, -2107401583
0, 4, -2119691178
0, 4, 2064926375
0, 4, 1933174799
0, 4, 1563513464
4, 0, -2092647585
4, 0, 1755478324
4, 0, 1833448149
4, 0, 1770739238
4, 0, -2104295639
4, 0, 1694392375
0, 4, 1976531735
4, 0, -1966002113
4, 0, -2086491967
0, 4, -2119926783
4, 0, 2048063423
0, 4, 2066463494
0, 4, -2105840993
4, 0, 1960864881
0, 4, 2064594138
4, 0, 1965698138
4, 0, 2014720087
4, 0, 2066556224
4, 0, 1984126922
4, 0, -2059573871
4, 0, -2094878778
4, 0, -2073565861
4, 0, -1969513328
4, 0, 1881019472
4, 0, 1822897576
4, 0, 1793572004
0, 4, -2119128485
4, 0, 1955947421
4, 0, 2071869206
4, 0, -2031874058
4, 0, -1971899756
4, 0, 1973021054
4, 0, -1995116369
0, 4, 1559677492
4, 0, -1972152029
0, 4, 1962798803
4, 0, -2029165073
4, 0, -2120157816
0, 4, 1469702598
4, 0, -2086326710
0, 4, 2013470451
0, 4, 2002830925
4, 0, 2014908428
0, 4, 2003129899
0, 4, 1573579796
0, 4, -2104710540
4, 0, 1882256356
0, 4, 1971017104
4, 0, 1991756511
4, 0, 2053623878
4, 0, -2075618774
4, 0, -2112463686
0, 4, 1827584721
4, 0, 1751609715
0, 4, -2116844805
0, 4, 1967904382
4, 0, 1881700802
0, 4, 2002418829
0, 4, 1980467378
0, 4, 1468956216
0, 4, 1551618899
0, 4, 2063383383
4, 0, -2055482837
4, 0, 1564539484
4, 0, 1696175440
4, 0, -2105143874
4, 0, -2072737856
4, 0, 2065640883
4, 0, 1835149415
4, 0, -2072922933
0, 4, 2058043241
4, 0, 2062211188
4, 0, -2069244758
0, 4, 1467916714
0, 4, 1977641273
0, 4, -2104604316
0, 4, 1995192416
0, 4, 1792327149
4, 0, 1982747550
4, 0, 1992558866
4, 0, 2057326345
4, 0, 1966437497
4, 0, 1990611578
4, 0, 2039678872
4, 0, 2052280715
4, 0, -2046579705
4, 0, -2035109011
4, 0, 1882462521
0, 4, 1972472818
4, 0, -2087756262
4, 0, -2032811267
4, 0, -2067204292
4, 0, 2044050625
4, 0, -2050684693
0, 4, 1824203706
4, 0, -2050470555
0, 4, 1985314329
4, 0, -2079525871
0, 4, 1992313668
4, 0, -2090560594
0, 4, 1972987530
0, 4, 1961113314
0, 4, 1827939149
0, 4, 1983970305
0, 4, 2071795540
0, 4, -2114419170
0, 4, 1753094805
4, 0, 1990242716
0, 4, 1685006271
4, 0, -2066160013
4, 0, 1993433480
4, 0, 1976905800
4, 0, -2008294750
4, 0, 1686314005
0, 4, 1970470700
4, 0, -2027931111
4, 0, -2045994355
4, 0, 1967592527
4, 0, 1770971104
4, 0, -2091126959
4, 0, 1968710644
4, 0, 1968783463
0, 4, 1880771065
4, 0, 1932488838
4, 0, -2092311631
0, 4, 1981086899
4, 0, 1882260940
0, 4, 1932699360
4, 0, -2029647373
4, 0, 1573194907
4, 0, 1676579153
4, 0, 1824131392
4, 0, 1968018064
0, 4, 1679841720
4, 0, 1691119156
4, 0, 1973528321
4, 0, 1974641058
4, 0, 2059610095
4, 0, 1558281863
4, 0, 1556641456
4, 0, -2118224681
4, 0, -2080691904
0, 4, 1996897701
4, 0, 1823841605
4, 0, -2065131940
0, 4, 1882012584
4, 0, -2030911299
4, 0, 2065732211
0, 4, 1467844496
4, 0, -2119544158
4, 0, -1996459583
0, 4, 1688078901
4, 0, -1967675223
0, 4, 1961152410
0, 4, 1677686886
0, 4, 2052475458
0, 4, 1834375554
4, 0, 1955948430
4, 0, 2045149945
4, 0, -2075814477
0, 4, 2067453180
4, 0, 1984070205
4, 0, -1970475495
4, 0, 2056236919
4, 0, -2076984378
0, 4, 1963136456
4, 0, -2052731891
0, 4, 1967621226
4, 0, 1822358341
4, 0, 2062618897
4, 0, -2073814777
0, 4, 1961767016
0, 4, 1694835175
4, 0, 1685387377
4, 0, 1974163980
0, 4, 1880755293
4, 0, 1988771138
4, 0, 1759956325
4, 0, 1985132677
4, 0, 1551331383
0, 4, 1990051361
4, 0, 2016030368
0, 4, -2105993823
4, 0, 2060937765
4, 0, -2035369520
4, 0, -2072664982
0, 4, 1470184592
4, 0, 1970540894
0, 4, 1548728291
4, 0, -2039969677
4, 0, 1997045116
0, 4, 1988736262
4, 0, -2070895030
4, 0, 1694952749
0, 4, -2118440883
4, 0, 1695055152
0, 4, 1880017546
4, 0, -1994227151
0, 4, 1975939493
0, 4, 2061394151
4, 0, 2008905086
4, 0, -1970106233
0, 4, 1686267004
0, 4, 1827575139
0, 4, 2000827514
4, 0, 2069873811
0, 4, 1796857377
4, 0, 2052464374
0, 4, 1753869051
0, 4, 1993120594
0, 4, -2106439880
4, 0, 2062462844
0, 4, 1677133500
4, 0, -2083087849
0, 4, 1827846187
4, 0, 2052406333
4, 0, 1963228517
4, 0, 1755181321
4, 0, 2051350550
4, 0, 1573359893
4, 0, -2091741182
4, 0, -2111395729
4, 0, 1975974650
4, 0, 2046495568
4, 0, 1955981915
4, 0, 2062908053
0, 4, 1836117517
4, 0, -2029876527
0, 4, 1985400868
4, 0, 1693570707
4, 0, -2071852360
4, 0, 1970907096
4, 0, -2117225177
0, 4, -2115935576
4, 0, -2027746244
4, 0, -2100649651
4, 0, 2046467230
0, 4, 2003312248
4, 0, 1962594155
4, 0, 1468086949
4, 0, 1754318478
4, 0, 1557705629
0, 4, 2048283830
0, 4, 1834616083
0, 4, 2016399431
4, 0, 2054003614
0, 4, -2107147888
4, 0, 1973600281
4, 0, 2063747132
4, 0, 2012552114
0, 4, 1976972661
4, 0, -2069529192
0, 4, 2002777609
0, 4, 2002153594
0, 4, 2002232147
0, 4, 1990953879
0, 4, 2060786815
4, 0, -2065364394
4, 0, -2107908283
4, 0, 1957738949
4, 0, 1991145912
0, 4, -2125508521
4, 0, -2039872461
4, 0, 2052145882
4, 0, -2055430126
0, 4, 2056371849
4, 0, 2015491890
4, 0, -2096011480
4, 0, 2017153892
4, 0, -2030329477
0, 4, 2053816641
0, 4, 1957542093
4, 0, -2094822392
4, 0, 1793306788
0, 4, 2004452778
4, 0, -2052800826
4, 0, -2113475727
0, 4, 1833802829
4, 0, 1836031467
4, 0, -2035434263
4, 0, -2114525781
4, 0, 2053791115
4, 0, 1564105972
0, 4, 1882466664
4, 0, 1981613499
4, 0, 1978859180
4, 0, -2119519915
0, 4, 1958097406
4, 0, 1826374428
4, 0, 2052248308
4, 0, 2057402708
4, 0, 1972178882
4, 0, -2106682196
4, 0, 1557870131
4, 0, 1551577479
4, 0, -2088931132
0, 4, 1979805165
0, 4, 1677809658
0, 4, 1557556783
0, 4, 1976799764
4, 0, 1985521028
4, 0, 1981494013
4, 0, -2095306609
4, 0, -2096580960
0, 4, 1956057911
0, 4, 2064271818
0, 4, 1678944638
4, 0, -2060775271
0, 4, -2103562727
4, 0, 1980822577
4, 0, -2095510980
0, 4, 1971440696
4, 0, 1985478051
4, 0, 1961039465
4, 0, 2014484428
4, 0, -2031810182
0, 4, 1563867822
4, 0, -2027933933
4, 0, 1962935019
4, 0, -2095067644
4, 0, -1995803573
4, 0, 2053784982
4, 0, 2063570108
0, 4, 1695163882
0, 4, 2001820779
4, 0, 1994290319
4, 0, -2081212538
4, 0, 2063523113
0, 4, 1825067071
4, 0, -2071968474
0, 4, 1558396092
0, 4, 1564038345
4, 0, -2034326995
0, 4, 2003263095
4, 0, -2087920134
0, 4, 2064782348
0, 4, 2018463133
4, 0, 1972237416
4, 0, -2094868817
0, 4, 1991478224
4, 0, 1770739995
0, 4, 2065784778
4, 0, 2053835647
4, 0, 1755082319
4, 0, -2118936147
4, 0, 2062354960
4, 0, -2093664496
0, 4, 1985101337
4, 0, -2008516058
4, 0, -2063471357
0, 4, 2062363245
4, 0, 2014029447
4, 0, 1684896033
4, 0, -2056026108
0, 4, 1792421251
4, 0, 1825339978
0, 4, 1991137055
4, 0, -2030508352
4, 0, 1962391823
4, 0, -2036553940
4, 0, 1792935004
4, 0, 2017391462
4, 0, -1971440536
0, 4, -2102719530
4, 0, -2054336301
0, 4, 1966340415
4, 0, 2054174641
0, 4, 1693087186
4, 0, 1695403228
4, 0, 1557089018
4, 0, 1988961775
4, 0, 1822828419
0, 4, -2106550513
4, 0, 1880678759
4, 0, 1973694782
4, 0, 2056823994
4, 0, -2064326465
0, 4, 1755708109
4, 0, -2058292112
4, 0, 1759883756
4, 0, -2096076693
4, 0, 1686920875
4, 0, 1980027615
4, 0, 1994431534
4, 0, 1678752734
0, 4, 2046730261
0, 4, 1990224474
4, 0, 1826996524
0, 4, 2008431459
0, 4, 1978448943
0, 4, -2106215620
4, 0, -2083681815
4, 0, -2085391504
4, 0, 1975048599
4, 0, 1759122182
4, 0, -1991897302
4, 0, -2035429395
0, 4, -2110436759
4, 0, -2059932625
4, 0, 1835451010
0, 4, 1983589353
0, 4, 1990936376
4, 0, -2040491927
0, 4, 1833380117
4, 0, -2059830319
4, 0, 1686980690
0, 4, 1834830511
0, 4, -2115860693
4, 0, 2055633748
4, 0, -2076472569
4, 0, -1965853376
0, 4, 1684927674
4, 0, 1695505597
4, 0, -1995269504
4, 0, 2000517752
4, 0, -1996392579
0, 4, 1557632526
4, 0, -2045627280
4, 0, -2050431900
4, 0, 1985629149
4, 0, -2118625331
4, 0, 1692922563
4, 0, 1553301492
0, 4, 2001666523
0, 4, 2004685835
4, 0, 1556395137
4, 0, 2050405413
4, 0, 1990101367
0, 4, 2064435359
4, 0, -2076913401
4, 0, -2102740780
4, 0, 2062201491
4, 0, -2008393110
4, 0, 1759492926
4, 0, 1962702878
4, 0, -2079896429
0, 4, 1691052283
4, 0, 2015133678
0, 4, 1967006062
4, 0, -2052998417
0, 4, 1556590682
0, 4, 1967115595
0, 4, -2117123532
0, 4, -2105102912
4, 0, 1956099550
4, 0, 2068738817
4, 0, -1995201780
0, 4, -2119380154
4, 0, -2037657037
0, 4, 2012722962
4, 0, 2000983934
4, 0, 2001684058
4, 0, 1973039969
4, 0, -2030019017
4, 0, -2031102175
4, 0, -2064597264
4, 0, 1962015688
4, 0, -2057672533
4, 0, -2093739326
0, 4, 2064712916
4, 0, 1753279114
0, 4, 1957729080
0, 4, 2046822666
4, 0, 2060643546
4, 0, -2079723725
4, 0, -2046451224
0, 4, 1557615461
0, 4, 2016087347
0, 4, 1965508306
0, 4, 1957038185
4, 0, 1988878381
0, 4, 1992687023
4, 0, 2013760796
0, 4, 1833021794
0, 4, 1970309195
4, 0, -2070806833
4, 0, 1956254612
0, 4, 1997388144
4, 0, -1966723682
4, 0, 2052562385
0, 4, 1752321034
0, 4, 1557018083
4, 0, 1997064547
4, 0, 1685363424
4, 0, 2062183828
4, 0, -2096064533
0, 4, 2061848594
4, 0, 1983544400
4, 0, 1961258509
4, 0, -2053938518
0, 4, 2060890607
0, 4, 2054047875
4, 0, -2056964570
4, 0, -2047989141
0, 4, 1984935450
4, 0, -2117409901
4, 0, -2041211385
4, 0, -2117796356
0, 4, 1989757455
0, 4, 1957123386
4, 0, 1962227996
4, 0, 2071470642
4, 0, -2096030046
4, 0, -1997042312
4, 0, 2000937602
4, 0, 1975095188
4, 0, -2009114494
4, 0, -2066754465
0, 4, 1834747953
4, 0, -2059688926
4, 0, -1998933362
